0 0.779861 0.726042 0.780556 0.729167 0.787500 0.730208 0.784028 0.721875
0 0.766667 0.707292 0.765972 0.727083 0.776389 0.730208 0.778472 0.726042 0.777083 0.717708
0 0.793056 0.706250 0.793750 0.715625 0.817361 0.730208 0.829167 0.717708 0.829167 0.713542 0.821528 0.714583 0.819444 0.710417 0.806250 0.717708 0.804167 0.709375 0.800694 0.709375 0.800000 0.705208 0.795139 0.703125
0 0.755556 0.696875 0.754167 0.726042 0.761111 0.731250 0.764583 0.725000 0.763194 0.705208
0 0.726389 0.683333 0.740972 0.726042 0.743750 0.728125 0.746528 0.723958 0.750000 0.723958 0.748611 0.693750
0 0.697917 0.681250 0.705556 0.710417 0.720139 0.715625 0.728472 0.722917 0.736111 0.723958 0.723611 0.689583 0.718750 0.684375
0 0.904861 0.588542 0.897222 0.591667 0.884722 0.603125 0.861806 0.610417 0.864583 0.618750 0.865972 0.637500 0.872222 0.650000 0.880556 0.678125 0.887500 0.688542 0.887500 0.681250 0.895833 0.678125 0.899306 0.670833 0.908333 0.669792 0.912500 0.656250 0.911111 0.611458 0.908333 0.594792
0 0.663194 0.580208 0.664583 0.593750 0.682639 0.629167 0.697917 0.675000 0.718750 0.677083 0.705556 0.655208 0.693750 0.647917 0.695833 0.640625 0.694444 0.633333
0 0.900000 0.566667 0.890972 0.575000 0.879167 0.595833 0.903472 0.581250
0 0.758333 0.556250 0.753472 0.562500 0.752778 0.578125 0.749306 0.583333 0.754167 0.600000 0.751389 0.620833 0.753472 0.688542 0.789583 0.719792 0.784722 0.710417 0.784028 0.683333 0.788889 0.676042 0.795139 0.675000 0.798611 0.664583 0.806944 0.655208 0.804861 0.653125 0.806250 0.647917 0.816667 0.646875 0.809028 0.623958 0.800694 0.616667 0.801389 0.630208 0.795833 0.657292 0.795833 0.670833 0.793750 0.671875 0.793056 0.657292 0.797917 0.616667 0.772222 0.601042 0.774306 0.593750 0.778472 0.590625 0.778472 0.584375 0.784722 0.581250 0.787500 0.586458 0.797222 0.587500 0.800000 0.579167 0.795139 0.572917 0.790278 0.576042 0.785417 0.573958 0.785417 0.569792 0.789583 0.565625 0.790278 0.556250 0.784722 0.555208 0.770833 0.560417
0 0.807639 0.546875 0.806250 0.561458 0.796528 0.569792 0.805556 0.569792 0.810417 0.573958 0.807639 0.583333 0.804167 0.579167 0.801389 0.580208 0.804167 0.585417 0.800000 0.591667 0.799306 0.607292 0.813194 0.627083 0.815972 0.617708 0.815278 0.597917 0.811111 0.590625 0.813194 0.587500 0.811111 0.579167 0.812500 0.570833 0.809722 0.548958
0 0.847222 0.467708 0.849306 0.562500 0.853472 0.578125 0.853472 0.586458 0.859028 0.598958 0.863194 0.598958 0.875000 0.586458 0.895833 0.553125 0.883333 0.531250 0.881944 0.521875 0.865278 0.496875 0.854167 0.473958
0 0.769444 0.442708 0.736111 0.443750 0.713889 0.452083 0.715278 0.455208 0.712500 0.485417 0.715278 0.501042 0.713889 0.506250 0.716667 0.508333 0.715278 0.514583 0.718056 0.515625 0.713194 0.519792 0.694444 0.520833 0.683333 0.530208 0.665278 0.533333 0.656250 0.546875 0.658333 0.565625 0.700000 0.632292 0.716667 0.645833 0.715278 0.651042 0.711111 0.651042 0.709722 0.654167 0.724306 0.678125 0.747917 0.686458 0.749306 0.679167 0.747222 0.641667 0.745833 0.640625 0.743750 0.650000 0.739583 0.650000 0.727778 0.632292 0.733333 0.630208 0.746528 0.635417 0.745833 0.617708 0.734722 0.625000 0.720833 0.625000 0.711111 0.614583 0.711111 0.601042 0.704861 0.600000 0.703472 0.596875 0.711111 0.590625 0.725694 0.595833 0.729167 0.604167 0.729167 0.610417 0.725694 0.618750 0.732639 0.618750 0.738194 0.608333 0.745833 0.607292 0.749306 0.598958 0.746528 0.583333 0.750000 0.573958 0.750000 0.564583 0.744444 0.565625 0.745139 0.560417 0.752083 0.559375 0.756944 0.552083 0.763194 0.552083 0.765972 0.556250 0.775000 0.555208 0.777778 0.552083 0.775694 0.544792 0.781944 0.552083 0.786111 0.552083 0.803472 0.543750 0.793750 0.539583 0.785417 0.525000 0.794444 0.522917 0.800000 0.533333 0.804861 0.536458 0.798611 0.513542 0.798611 0.482292 0.796528 0.478125 0.794444 0.455208 0.790972 0.450000
0 0.717361 0.441667 0.747222 0.434375 0.772917 0.435417 0.789583 0.439583 0.772222 0.435417 0.754861 0.417708 0.744444 0.414583 0.729167 0.418750 0.724306 0.423958