0 0.725000 0.606250 0.709028 0.625000 0.707639 0.638194 0.722222 0.659028
0 0.520139 0.573611 0.496528 0.603472 0.497222 0.618056 0.501389 0.631944 0.501389 0.640278 0.496528 0.647222 0.489583 0.652778 0.457639 0.663889 0.443056 0.675694 0.448611 0.690972 0.458333 0.704861 0.458333 0.709028 0.471528 0.709028 0.473611 0.705556 0.480556 0.704861 0.487500 0.709722 0.502778 0.709722 0.509028 0.712500 0.511806 0.704167 0.517361 0.700000 0.522222 0.700000 0.529861 0.693750 0.559722 0.661111 0.561806 0.648611 0.547917 0.636806 0.540278 0.627083 0.534028 0.608333 0.526389 0.594444 0.511111 0.588889 0.513889 0.585417 0.522917 0.586111 0.522917 0.576389
0 0.515278 0.569444 0.486111 0.588194 0.494444 0.594444 0.495139 0.598611
0 0.531250 0.568750 0.534028 0.575694 0.533333 0.588194 0.543750 0.602083 0.549306 0.617361 0.554861 0.624306 0.561111 0.627778 0.568056 0.639583 0.577083 0.647917 0.576389 0.659722 0.537500 0.700694 0.542361 0.702778 0.545833 0.715972 0.559028 0.739583 0.563889 0.769444 0.570139 0.785417 0.570139 0.804861 0.575000 0.823611 0.582639 0.840278 0.587500 0.861111 0.597917 0.875000 0.604861 0.876389 0.606944 0.872222 0.602778 0.867361 0.595833 0.866667 0.602778 0.861111 0.618056 0.860417 0.626389 0.866667 0.631250 0.862500 0.627778 0.855556 0.622222 0.854167 0.623611 0.849306 0.627083 0.848611 0.619444 0.800000 0.611111 0.784028 0.605556 0.763889 0.605556 0.734028 0.609722 0.705556 0.621528 0.698611 0.623611 0.692361 0.654861 0.687500 0.639583 0.661806 0.635417 0.669444 0.638889 0.675000 0.637500 0.677083 0.625000 0.653472 0.625694 0.651389 0.634028 0.666667 0.638889 0.659028 0.638889 0.654861 0.629861 0.622917 0.626389 0.621528 0.629861 0.620833 0.628472 0.608333 0.625694 0.604167 0.599306 0.582639 0.579167 0.583333 0.568056 0.581250 0.558333 0.575694 0.554167 0.577083 0.554167 0.572917 0.548611 0.570139
0 0.729861 0.556944 0.722222 0.570139 0.711111 0.617361 0.725694 0.603472
0 0.513194 0.563194 0.500694 0.559028 0.489583 0.547917 0.481250 0.570139 0.481250 0.582639
0 0.727778 0.547222 0.711806 0.561806 0.711111 0.584028 0.706944 0.612500 0.717361 0.571528 0.727083 0.554861
0 0.448611 0.498611 0.441667 0.496528 0.431944 0.489583 0.424306 0.490972 0.424306 0.504861 0.429167 0.514583 0.434722 0.509722 0.443056 0.508333
0 0.409722 0.489583 0.410417 0.492361 0.413194 0.492361 0.413194 0.497222 0.421528 0.514583 0.422222 0.491667 0.415972 0.492361
0 0.334722 0.510417 0.345833 0.522917 0.346528 0.526389 0.356250 0.525694 0.377083 0.534028 0.399306 0.531250 0.407639 0.523611 0.418056 0.520833 0.412500 0.512500 0.392361 0.497222 0.384028 0.488194 0.385417 0.487500 0.392361 0.495139 0.393750 0.493750 0.404861 0.504861 0.406944 0.504167 0.393056 0.488194 0.393750 0.486806 0.406250 0.497917 0.415278 0.512500 0.420833 0.517361 0.410417 0.495139 0.406944 0.495139 0.409028 0.492361 0.407639 0.488194 0.393056 0.487500 0.384722 0.481250 0.379167 0.481250 0.381250 0.484028 0.377778 0.483333 0.368750 0.495833 0.349306 0.493750
0 0.297222 0.475694 0.292361 0.486111 0.295139 0.493750 0.294444 0.501389 0.297222 0.500694 0.300000 0.492361 0.304167 0.493056 0.309028 0.498611 0.311111 0.506250 0.320139 0.514583 0.324306 0.513889 0.331250 0.503472 0.342361 0.493750 0.343056 0.490972 0.336111 0.491667 0.329167 0.487500 0.327778 0.481250 0.309028 0.478472 0.303472 0.474306
0 0.722917 0.469444 0.718056 0.474306 0.715972 0.520139 0.711806 0.554861 0.727778 0.543056 0.730556 0.543056 0.727778 0.542361
0 0.759722 0.434028 0.727778 0.463194 0.733333 0.546528 0.731250 0.600000 0.738889 0.587500 0.740278 0.588194 0.735417 0.597917 0.763194 0.574306 0.770139 0.562500 0.764583 0.545833 0.771528 0.559722 0.780556 0.552083 0.782639 0.552778 0.770139 0.566667 0.761806 0.580556 0.748611 0.593750 0.730556 0.603472 0.728472 0.668056 0.740972 0.690972 0.747917 0.690278 0.759722 0.684722 0.762500 0.688889 0.762500 0.695139 0.768056 0.711806 0.782639 0.718750 0.792361 0.711111 0.798611 0.693056 0.798611 0.668056 0.793750 0.647917 0.800000 0.639583 0.801389 0.625694 0.800000 0.600000 0.802083 0.588194 0.798611 0.581944 0.804861 0.578472 0.805556 0.571528 0.801389 0.559028 0.794444 0.548611 0.782639 0.522222 0.775000 0.500000 0.768750 0.490972 0.764583 0.473611 0.763889 0.443056
0 0.693056 0.417361 0.693056 0.422917 0.695139 0.423611 0.692361 0.427083 0.705556 0.433333 0.706250 0.420139
0 0.650000 0.412500 0.642361 0.415972 0.650000 0.421528 0.651389 0.428472 0.643056 0.433333 0.631250 0.434028 0.624306 0.438194 0.625000 0.443056 0.621528 0.447917 0.625694 0.457639 0.620139 0.450000 0.613194 0.461111 0.602778 0.469444 0.600694 0.475000 0.602778 0.477083 0.600000 0.478472 0.599306 0.485417 0.606250 0.489583 0.620139 0.503472 0.637500 0.508333 0.615278 0.492361 0.603472 0.479167 0.604861 0.478472 0.648611 0.516667 0.653472 0.518056 0.652083 0.512500 0.656944 0.520139 0.664583 0.522917 0.663194 0.527778 0.686111 0.540278 0.688889 0.543750 0.681250 0.539583 0.675000 0.541667 0.672222 0.536806 0.677083 0.537500 0.661806 0.529167 0.659722 0.537500 0.663889 0.539583 0.663194 0.541667 0.657639 0.543056 0.654861 0.540278 0.640972 0.540278 0.631250 0.543750 0.618750 0.554167 0.613889 0.568056 0.611806 0.550000 0.602083 0.538889 0.590278 0.535417 0.583333 0.525694 0.562500 0.515278 0.552778 0.506250 0.538889 0.501389 0.534028 0.504861 0.532639 0.493750 0.529167 0.492361 0.520139 0.479167 0.514583 0.475694 0.501389 0.472917 0.495833 0.480556 0.499306 0.506944 0.498611 0.522917 0.490972 0.543056 0.495139 0.534722 0.501389 0.543750 0.519444 0.555556 0.531250 0.566667 0.547222 0.567361 0.545139 0.563889 0.547222 0.563194 0.548611 0.557639 0.550694 0.564583 0.571528 0.574306 0.577083 0.569444 0.575000 0.575694 0.581944 0.581250 0.600000 0.580556 0.613194 0.590972 0.615278 0.589583 0.615972 0.593750 0.620833 0.592361 0.618750 0.595833 0.629167 0.604167 0.631250 0.604167 0.637500 0.596528 0.630556 0.608333 0.631944 0.623611 0.636806 0.640278 0.637500 0.626389 0.641667 0.615278 0.640278 0.597917 0.636111 0.593750 0.638194 0.593056 0.638194 0.589583 0.642361 0.597917 0.643750 0.611806 0.639583 0.627778 0.639583 0.645833 0.641667 0.654167 0.644444 0.653472 0.641667 0.657639 0.642361 0.662500 0.658333 0.687500 0.659722 0.630556 0.655556 0.587500 0.657639 0.584028 0.669444 0.584028 0.678472 0.588194 0.695139 0.618750 0.699306 0.566667 0.699306 0.549306 0.697222 0.548611 0.700000 0.545139 0.704861 0.497222 0.693056 0.483333 0.660417 0.433333
0 0.722222 0.409722 0.715972 0.419444 0.717361 0.463889 0.724306 0.459028
0 0.724306 0.406944 0.728472 0.456250 0.742361 0.441667 0.756944 0.430556 0.743056 0.419444 0.727083 0.413194
0 0.670833 0.403472 0.677778 0.414583 0.690278 0.425694 0.690278 0.404167 0.676389 0.405556
0 0.694444 0.403472 0.697222 0.405556 0.693056 0.404861 0.694444 0.415972 0.706250 0.418056 0.705556 0.402083
0 0.693056 0.397222 0.693056 0.401389 0.701389 0.400694
0 0.716667 0.395833 0.717361 0.413194 0.722917 0.402778 0.720833 0.397222
0 0.667361 0.372917 0.667361 0.391667 0.675694 0.393056 0.681944 0.397222 0.668056 0.394444 0.669444 0.400000 0.673611 0.402778 0.688889 0.402083 0.681250 0.397917 0.683333 0.397222 0.690972 0.400694 0.692361 0.395139 0.690278 0.395833 0.677083 0.387500
0 0.652778 0.359722 0.641667 0.368750 0.640972 0.375000 0.643750 0.384722 0.640278 0.390278 0.646528 0.392361 0.648611 0.399306 0.653472 0.397222 0.649306 0.402778 0.683333 0.459028 0.686806 0.454167 0.686806 0.464583 0.701389 0.486111 0.704861 0.488194 0.705556 0.435417 0.692361 0.431250 0.674306 0.413889 0.667361 0.402083 0.657639 0.393750 0.657639 0.389583 0.665972 0.397222 0.665972 0.393750 0.663194 0.391667 0.663194 0.384028 0.654167 0.375000
0 0.666667 0.357639 0.668056 0.370139 0.679167 0.384722 0.687500 0.390972 0.706250 0.398611 0.706944 0.388194 0.703472 0.386806 0.699306 0.380556 0.691667 0.378472 0.692361 0.370833 0.689583 0.369444 0.684722 0.360417 0.677778 0.357639
0 0.654861 0.359028 0.656250 0.372917 0.664583 0.380556 0.663194 0.357639