0 0.563194 0.726042 0.559028 0.742708 0.559028 0.765625 0.555556 0.782292 0.560417 0.789583 0.564583 0.759375
0 0.565972 0.719792 0.568056 0.729167 0.568056 0.759375 0.565278 0.788542 0.568750 0.791667 0.578472 0.791667 0.581944 0.785417 0.581944 0.779167 0.577778 0.769792 0.580556 0.740625
0 0.493056 0.717708 0.479861 0.734375 0.477083 0.733333 0.471528 0.752083 0.472917 0.767708 0.483333 0.782292 0.495833 0.781250 0.500694 0.775000 0.499306 0.737500
0 0.556250 0.643750 0.548611 0.650000 0.537500 0.668750 0.537500 0.684375 0.547222 0.701042 0.547917 0.717708 0.545139 0.726042 0.545139 0.751042 0.534722 0.779167 0.544444 0.779167 0.547222 0.783333 0.550694 0.767708 0.554861 0.725000 0.551389 0.713542 0.555556 0.691667
0 0.481250 0.637500 0.474306 0.662500 0.473611 0.722917
0 0.584722 0.595833 0.572917 0.613542 0.565972 0.631250 0.567361 0.639583 0.561111 0.667708 0.562500 0.710417 0.579861 0.729167 0.582639 0.656250 0.577083 0.635417
0 0.575000 0.587500 0.569444 0.613542 0.580556 0.593750
0 0.579861 0.515625 0.577083 0.534375 0.575000 0.584375 0.584722 0.589583 0.591667 0.575000 0.594444 0.550000 0.589583 0.543750
0 0.496528 0.461458 0.490278 0.467708 0.489583 0.490625 0.488194 0.467708 0.468056 0.481250 0.469444 0.508333 0.465972 0.533333 0.459722 0.557292 0.456250 0.541667 0.456250 0.530208 0.461806 0.485417 0.424306 0.506250 0.372917 0.529167 0.365972 0.538542 0.364583 0.534375 0.347222 0.541667 0.354167 0.553125 0.340278 0.573958 0.338889 0.580208 0.343056 0.631250 0.343056 0.711458 0.338889 0.716667 0.321528 0.726042 0.317361 0.738542 0.334028 0.739583 0.346528 0.734375 0.360417 0.734375 0.366667 0.730208 0.369444 0.662500 0.368750 0.598958 0.381250 0.572917 0.402778 0.553125 0.413889 0.551042 0.420139 0.571875 0.420833 0.585417 0.424306 0.597917 0.424306 0.617708 0.427778 0.632292 0.427083 0.676042 0.434722 0.736458 0.435417 0.764583 0.432639 0.788542 0.437500 0.796875 0.441667 0.797917 0.450694 0.792708 0.454167 0.772917 0.453472 0.736458 0.457639 0.711458 0.455556 0.657292 0.452778 0.651042 0.453472 0.630208 0.457639 0.604167 0.463194 0.596875 0.462500 0.565625 0.459722 0.557292 0.463194 0.557292 0.467361 0.545833 0.469444 0.547917 0.469444 0.556250 0.465278 0.565625 0.465972 0.572917 0.473611 0.569792 0.479167 0.562500 0.482639 0.519792 0.489583 0.495833 0.486111 0.560417 0.480556 0.582292 0.481250 0.607292 0.484028 0.618750 0.493056 0.557292 0.492361 0.528125 0.494444 0.520833
0 0.560417 0.420833 0.500000 0.461458 0.500694 0.483333 0.494444 0.576042 0.499306 0.548958 0.504167 0.541667 0.505556 0.544792 0.501389 0.572917 0.495139 0.587500 0.484722 0.639583 0.478472 0.726042 0.503472 0.703125 0.513889 0.680208 0.516667 0.650000 0.529861 0.623958 0.534722 0.623958 0.539583 0.634375 0.536806 0.662500 0.555556 0.638542 0.555556 0.619792 0.567361 0.579167 0.572222 0.510417 0.570139 0.462500
0 0.568750 0.414583 0.563889 0.418750 0.565278 0.428125 0.570833 0.440625
0 0.500694 0.410417 0.491667 0.451042 0.498611 0.446875
0 0.580556 0.409375 0.582639 0.453125 0.581250 0.505208 0.597222 0.542708 0.598611 0.504167 0.594444 0.479167 0.594444 0.452083
0 0.572222 0.397917 0.572222 0.452083 0.575000 0.470833 0.577083 0.458333 0.574306 0.451042 0.574306 0.410417
0 0.563194 0.388542 0.563889 0.408333 0.569444 0.405208 0.569444 0.394792
0 0.534028 0.316667 0.523611 0.316667 0.514583 0.331250 0.512500 0.341667 0.513889 0.362500 0.519444 0.378125 0.520833 0.391667 0.517361 0.397917 0.505556 0.405208 0.501389 0.450000 0.545833 0.419792 0.559028 0.414583 0.558333 0.390625 0.550694 0.386458 0.547222 0.372917 0.545139 0.334375 0.540972 0.322917
0 0.440278 0.272917 0.433333 0.269792 0.421528 0.277083 0.415972 0.290625 0.417361 0.315625 0.415278 0.331250 0.397222 0.346875 0.387500 0.361458 0.375694 0.395833 0.363889 0.440625 0.359722 0.445833 0.357639 0.468750 0.359028 0.495833 0.354167 0.514583 0.349306 0.521875 0.347917 0.533333 0.369444 0.521875 0.370833 0.502083 0.383333 0.461458 0.387500 0.470833 0.387500 0.488542 0.384722 0.497917 0.374306 0.512500 0.372222 0.519792 0.437500 0.489583 0.462500 0.473958 0.464583 0.464583 0.469444 0.468750 0.479861 0.457292 0.486806 0.456250 0.484722 0.418750 0.476389 0.370833 0.470833 0.359375 0.447222 0.332292 0.447222 0.316667 0.449306 0.309375 0.447917 0.288542